750
122
777
56
541
694
756
276
616
220
755
16
450
971
81
43
349
722
479
948
5
17
11
859
228
282
830
333
457
194
139
780
423
141
313
748
360
646
166
505
757
649
92
784
648
448
629
506
302
268
864
989
34
626
880
135
467
493
704
210
509
33
504
959
364
642
923
569
429
691
296
192
485
14
899
639
972
317
90
42
337 685
420
618 637
477
246 883
602
116 783
766
161 752
734
143 699
308
237 668
374
659 773
678
418 911
132
280 916
441
542 535
107
248 898
621
623
230
950
747
775
738
50
351
367
938
19
110
13
647
480
323
942
655
561
205
387
357
964
955
576
258
301
176
275
379
559
730
254
397
994
976
468
326
320
431
706
854
216
538
654
741
799
74
924
316
149
164
211
515
247
340
739
914
954
334
381
235
889
293
746
325
606
843
555
556
287
848
201
966
404
531
329
764
877
767
508
354
913
575
277
592
867
112
187
772
181
829
38
170
87
785
939
312
145
486
300
136
47 696
869
269 666
1
180 338
611
79 495
574
215 961
667
266 445
819
633 608
680
398 595
315
238 598
807
395 871
378
36 587
520
175 882
412
152 958
652
66 927
75
484 607
917
564 834
713
46 979
356
126 749
983
0 793
184
71 417
842
836
790
725
826
645
453
219
519
497
342
557
186
179
742
962
822
728
672
217
778
22
174
771
791
723
733
745
489
732
303
638
209
761
491
294
540
109
332
260
823
969
809
83
874
416
893
286
298
113
425
125
380
196
690
546
77
241
121
154
45
488
692
802
895
472
377
78
658
890
346
314
702
588
239
550
787
28
875
197
565
779
933
127
24
567
724
437 750
811
365 363
560
172 904
213
322 459
908
18 892
309
310 774
240
85 331
827
171 884
514
324 862
140
428 996
212
586 503
536
689 798
682
64 684
29
253 903
7
482 945
931
59 789
851
558 583
727
432 585
776
131 967
473
517 720
997
53 872
439
528 635
274
478 868
100
382 673
640
52 449
319
168 710
839
297 941
177
760 683
63
144 782
849
157 548
975
223 715
593
234 657
283
643 589
925
492 601
656
199 824
62
54 813
222
2 758
850
84 912
193
487 434
693
231 512
440
6 806
591
250 529
804
123 464
446
563 990
362
117 832
687
80 264
279
731 857
232
631 244
605
82 534
483
104 674
261
259 946
442
165 717
400
227 781
142
58 336
299
68 371
669
444 999
922
147 660
396
359 681
935
327 897
886
57 703
358
188 828
597
273 628
754
160 590
39
69 424
284
55 879
255
413 902
526
124 810
369
114 427
73
838 769
852
577 695
815
510 891
604
306 846
229
30 384
311
399 401
233
339 603
178
552 881
906
407 910
278
12 676
406
474 753
865
102 609
60
394 498
203
523 960
460
465 737
430
402 974
863
443 709
596
169 980
821
496 796
225
373 818
978
385 953
786
368 981
328
330 919
421
214 455
267
291 856
719
37 932
650
86 619
570
415 636
533
521 600
111
129 580
888
581 403
436
61 805
671
501 405
159
568 795
41
153 634
554
252 930
251
96 835
743
51 968
189
700 837
272
876 376
708
224 840
3
390 454
516
119 861
718
94 901
878
198 937
663
414 957
820
263 419
998
206 686
970
289 630
921
343 714
845
566 952
393
95 571
352
101 335
502
366 765
707
801 866
844
133 934
25
545 982
245
158 797
812
128 522
987
76 977
120
698 344
435
582 304
944
271 670
347
355 701
584
651 817
831
108 632
391
751 816
870
146 665
610
345 973
361
383 375
207 762
115 624
190 909
257 744
97 466
471 928
295 578
49 949
527 985
163 956
221 476
388 662
905
664 735
641
26 353
712
182 841
507
27 759
35
547 452
208
226 461
98
155 920
688
151 544
21
162 918
167
173 988
500
44 573
456
218 511
202
318 943
936
620 579
900
422 622
992
372 599
549
40 726
70
481 763
613
20 711
896
138 915
463
288 341
627
72 697
462
270 562
9
858 490
907
249 965
305
290 894
926
99 825
951
65 847
389
156 993
986
134 236
499
438 426
292
350 740
594
137 537
532
105 321
265
32 991
614
150 794
48
243 984
860
307 770
736
256 572
530
408 947
106
31 833
185 788
130 617
191 940
183 612
148
625 721
23
200 494
855
15 853
963
661 705
679
88 518
677
10 716
348
285 615
803
118 525
451
475 524
433
409 675
4
929 808
370
93 470
792
392 653
539
458 447
644
513 873
729
553 800
551
8 410
103
386 995
281
67 814
89
204 885
768
195 469
887
91 262
411
242 543
